4.3534e-05 0.0131467
4.81098e-05 0.013744
5.31669e-05 0.0143686
5.87556e-05 0.0150215
6.4932e-05 0.0157041
7.17574e-05 0.0164177
7.93001e-05 0.0171638
8.76359e-05 0.0179438
9.68478e-05 0.0187592
0.000107028 0.0196117
0.000118278 0.0205029
0.000130711 0.0214346
0.000144451 0.0224086
0.000159635 0.0234269
0.000176415 0.0244914
0.000194959 0.0256043
0.000215452 0.0267677
0.0002381 0.027984
0.000263128 0.0292555
0.000290786 0.0305847
0.000321353 0.0319744
0.000355132 0.0334271
0.000392462 0.0349457
0.000433717 0.0365333
0.000479307 0.038193
0.000529688 0.0399281
0.000585368 0.0417421
0.000646897 0.0436384
0.000714896 0.0456209
0.000790045 0.0476935
0.000873092 0.0498604
0.000964865 0.0521257
0.00106629 0.0544939
0.00117837 0.0569697
0.00130224 0.059558
0.00143912 0.0622638
0.0015904 0.0650923
0.00175758 0.068049
0.00194232 0.0711397
0.00214649 0.0743703
0.00237212 0.0777466
0.00262147 0.0812761
0.00289703 0.0849653
0.00320155 0.0888196
0.00353808 0.0928488
0.00390999 0.0970589
0.00432098 0.101458
0.00477521 0.106055
0.00527714 0.110857
0.00583187 0.115874
0.00644486 0.121116
0.00712234 0.126591
0.00787101 0.13231
0.00869837 0.138282
0.00961272 0.144518
0.0106232 0.151029
0.0117398 0.157826
0.0129738 0.164921
0.0143376 0.172325
0.0158447 0.180049
0.0175102 0.188109
0.0193509 0.196512
0.0213849 0.205275
0.0236328 0.214408
0.026117 0.223926
0.0288623 0.23384
0.0318962 0.244163
0.035249 0.254906
0.0389542 0.266083
0.043049 0.277704
0.0475738 0.28978
0.0525748 0.302322
0.0581011 0.315338
0.0642087 0.328834
0.070958 0.342818
0.0784168 0.357294
0.0866595 0.372263
0.0957687 0.387725
0.105836 0.403676
0.116961 0.420109
0.129255 0.437014
0.142842 0.454375
0.157857 0.472173
0.17445 0.490382
0.192787 0.508973
0.213052 0.527908
0.235447 0.547144
0.260196 0.566632
0.287547 0.586315
0.317773 0.606131
0.351176 0.626008
0.38809 0.645871
0.427753 0.665119
0.467542 0.682567
0.50733 0.698413
0.547119 0.712867
0.586908 0.726103
0.626696 0.738268
0.666485 0.749483
0.706274 0.759853
0.746063 0.769463
0.785851 0.778398
0.82564 0.78672
0.865429 0.794481
0.905218 0.801743
0.945006 0.808551
0.984795 0.814934
1.02458 0.820939
1.06437 0.826588
1.10416 0.831919
1.14395 0.836954
1.18374 0.841717
1.22353 0.846223
1.26332 0.850501
1.3031 0.854552
1.34289 0.858406
1.38268 0.862079
1.42247 0.86557
1.46226 0.868894
1.50205 0.872074
1.54184 0.875111
1.58163 0.878011
1.62141 0.88079
1.6612 0.883448
1.70099 0.885992
1.74078 0.888438
1.78057 0.890785
1.82036 0.893042
1.86015 0.895208
1.89994 0.897297
1.93972 0.899304
1.97951 0.901235
2.0193 0.903098
2.05909 0.9049
2.09888 0.906634
2.13867 0.908308
2.17846 0.909928
2.21825 0.911495
2.25803 0.91301
2.29782 0.914479
2.33761 0.915895
2.3774 0.917273
2.41719 0.918606
2.45698 0.919893
2.49677 0.92115
2.53656 0.922369
2.57634 0.92355
2.61613 0.924694
2.65592 0.925807
2.69571 0.926897
2.7355 0.92795
2.77529 0.928972
2.81508 0.929972
2.85487 0.930941
2.89465 0.931888
2.93444 0.932811
2.97423 0.933705
3.01402 0.934583
3.05381 0.935439
3.0936 0.936272
3.13339 0.937082
3.17318 0.937877
3.21296 0.93865
3.25275 0.939407
3.29254 0.940141
3.33233 0.940868
3.37212 0.941572
3.41191 0.942262
3.4517 0.942935
3.49149 0.943594
3.53127 0.944238
3.57106 0.944866
3.61085 0.945487
3.65064 0.946093
3.69043 0.946684
3.73022 0.947267
3.77001 0.947835
3.8098 0.948387
3.84958 0.948933
3.88937 0.94947
3.92916 0.949993
3.96895 0.950508
4.00875 0.951007
4.04854 0.951507
4.08833 0.951992
4.12812 0.952469
4.16791 0.952931
4.2077 0.953393
4.24749 0.95384
4.28728 0.954286
4.32706 0.954718
4.36685 0.95515
4.40664 0.955566
4.44643 0.955975
4.48622 0.956384
4.52601 0.956778
4.5658 0.957171
4.60559 0.957557
4.64537 0.957936
4.68516 0.958307
4.72495 0.958671
4.76474 0.959034
4.80453 0.959382
4.84432 0.959731
4.88411 0.960079
4.9239 0.960412
4.96368 0.960745
5.00347 0.961071
5.04326 0.961397
5.08305 0.961715
5.12284 0.962025
5.16263 0.962328
5.20242 0.962631
5.24221 0.962934
5.28199 0.963229
5.32178 0.963517
5.36157 0.963797
5.40136 0.964085
5.44115 0.964357
5.48094 0.96463
5.52073 0.964903
5.56052 0.965168
5.6003 0.965433
5.64009 0.96569
5.67988 0.96594
5.71967 0.966197
5.75946 0.96644
5.79925 0.96669
5.83904 0.966924
5.87883 0.967167
5.91861 0.967401
5.9584 0.967636
5.99819 0.967863
6.03798 0.968091
6.07777 0.96831
6.11756 0.96853
6.15735 0.968749
6.19714 0.968961
6.23692 0.969173
6.27671 0.969385
6.3165 0.96959
6.35629 0.969794
6.39608 0.969999
6.43587 0.970196
6.47566 0.970392
6.51545 0.970589
6.55523 0.970779
6.59502 0.970968
6.63481 0.971157
6.6746 0.971339
6.71439 0.971528
6.75418 0.97171
6.79397 0.971884
6.83376 0.972066
6.87354 0.97224
6.91333 0.972414
6.95312 0.972581
6.99291 0.972747
7.0327 0.972922
7.07249 0.973081
7.11228 0.973247
7.15207 0.973406
7.19185 0.973573
7.23164 0.973724
7.27143 0.973883
7.31122 0.974042
7.35101 0.974194
7.3908 0.974345
7.43059 0.974497
7.47037 0.974641
7.51016 0.974792
7.54995 0.974936
7.58974 0.97508
7.62953 0.975224
7.66932 0.97536
7.70911 0.975504
7.7489 0.97564
7.78868 0.975776
7.82847 0.975913
7.86826 0.976049
7.90805 0.976178
7.94784 0.976306
7.98763 0.976443
8.02742 0.976571
8.06721 0.976693
8.10699 0.976821
8.14678 0.97695
8.18657 0.977071
8.22636 0.977192
8.26615 0.977314
8.30594 0.977435
8.34573 0.977556
8.38552 0.977669
8.4253 0.977791
8.46509 0.977904
8.50488 0.978018
8.54467 0.978131
8.58446 0.978245
8.62425 0.978358
8.66404 0.978472
8.70383 0.978578
8.74361 0.978692
8.7834 0.978798
8.82319 0.978904
8.86298 0.97901
8.90277 0.979116
8.94256 0.979214
8.98235 0.97932
9.02214 0.979426
9.06192 0.979525
9.10171 0.979623
9.1415 0.979721
9.18129 0.97982
9.22108 0.979918
9.26087 0.980017
9.30066 0.980115
9.34045 0.980206
9.38023 0.980305
9.42002 0.980395
9.45981 0.980494
9.4996 0.980585
9.53939 0.980676
9.57918 0.980766
9.61897 0.980857
9.65876 0.980941
9.69854 0.981031
9.73833 0.981122
9.77812 0.981206
9.81791 0.981297
9.8577 0.98138
9.89749 0.981463
9.93728 0.981546
9.97707 0.98163
10.0169 0.981713
10.0566 0.981796
10.0964 0.98188
10.1362 0.981963
10.176 0.982039
10.2158 0.982122
10.2556 0.982198
10.2954 0.982281
10.3352 0.982357
10.375 0.982432
10.4147 0.982516
10.4545 0.982591
10.4943 0.982667
10.5341 0.982743
10.5739 0.982811
10.6137 0.982887
10.6535 0.982962
10.6933 0.983038
10.7331 0.983106
10.7728 0.983182
10.8126 0.98325
10.8524 0.983318
10.8922 0.983394
10.932 0.983462
10.9718 0.98353
11.0116 0.983598
11.0514 0.983667
11.0911 0.983735
11.1309 0.983803
11.1707 0.983871
11.2105 0.983939
11.2503 0.984
11.2901 0.984068
11.3299 0.984136
11.3697 0.984197
11.4095 0.984265
11.4492 0.984325
11.489 0.984386
11.5288 0.984454
11.5686 0.984515
11.6084 0.984575
11.6482 0.984636
11.688 0.984696
11.7278 0.984757
11.7676 0.984818
11.8073 0.984878
11.8471 0.984939
11.8869 0.984999
11.9267 0.98506
11.9665 0.985113
12.0063 0.985174
12.0461 0.985234
12.0859 0.985287
12.1257 0.985348
12.1654 0.985401
12.2052 0.985454
12.245 0.985514
12.2848 0.985567
12.3246 0.98562
12.3644 0.985681
12.4042 0.985734
12.444 0.985787
12.4838 0.98584
12.5235 0.985893
12.5633 0.985946
12.6031 0.985999
12.6429 0.986052
12.6827 0.986105
12.7225 0.986158
12.7623 0.986203
12.8021 0.986256
12.8419 0.986309
12.8816 0.986362
12.9214 0.986408
12.9612 0.986461
13.001 0.986506
13.0408 0.986559
13.0806 0.986605
13.1204 0.986658
13.1602 0.986703
13.2 0.986749
13.2397 0.986802
13.2795 0.986847
13.3193 0.986892
13.3591 0.986938
13.3989 0.986983
13.4387 0.987036
13.4785 0.987082
13.5183 0.987127
13.5581 0.987173
13.5978 0.987218
13.6376 0.987263
13.6774 0.987309
13.7172 0.987347
13.757 0.987392
13.7968 0.987438
13.8366 0.987483
13.8764 0.987528
13.9162 0.987566
13.9559 0.987612
13.9957 0.987657
14.0355 0.987695
14.0753 0.987741
14.1151 0.987778
14.1549 0.987824
14.1947 0.987862
14.2345 0.987907
14.2742 0.987945
14.314 0.98799
14.3538 0.988028
14.3936 0.988066
14.4334 0.988112
14.4732 0.988149
14.513 0.988187
14.5528 0.988225
14.5926 0.988271
14.6323 0.988308
14.6721 0.988346
14.7119 0.988384
14.7517 0.988422
14.7915 0.98846
14.8313 0.988498
14.8711 0.988536
14.9109 0.988573
14.9507 0.988611
14.9904 0.988649
15.0302 0.988687
15.07 0.988725
15.1098 0.988763
15.1496 0.988801
15.1894 0.988831
15.2292 0.988869
15.269 0.988907
15.3088 0.988945
15.3485 0.988975
15.3883 0.989013
15.4281 0.989051
15.4679 0.989081
15.5077 0.989119
15.5475 0.989149
15.5873 0.989187
15.6271 0.989217
15.6669 0.989255
15.7066 0.989285
15.7464 0.989323
15.7862 0.989353
15.826 0.989391
15.8658 0.989422
15.9056 0.989459
15.9454 0.98949
15.9852 0.98952
16.025 0.989558
16.0647 0.989588
16.1045 0.989618
16.1443 0.989649
16.1841 0.989687
16.2239 0.989717
16.2637 0.989747
16.3035 0.989777
16.3433 0.989808
16.3831 0.989838
16.4228 0.989876
16.4626 0.989906
16.5024 0.989936
16.5422 0.989967
16.582 0.989997
16.6218 0.990027
16.6616 0.990058
16.7014 0.990088
16.7412 0.990118
16.7809 0.990148
16.8207 0.990179
16.8605 0.990201
16.9003 0.990232
16.9401 0.990262
16.9799 0.990292
17.0197 0.990323
17.0595 0.990353
17.0992 0.990376
17.139 0.990406
17.1788 0.990436
17.2186 0.990467
17.2584 0.990489
17.2982 0.99052
17.338 0.99055
17.3778 0.99058
17.4176 0.990603
17.4573 0.990633
17.4971 0.990656
17.5369 0.990686
17.5767 0.990716
17.6165 0.990739
17.6563 0.990769
17.6961 0.990792
17.7359 0.990822
17.7757 0.990845
17.8154 0.990875
17.8552 0.990898
17.895 0.990928
17.9348 0.990951
17.9746 0.990981
18.0144 0.991004
18.0542 0.991027
18.094 0.991057
18.1338 0.99108
18.1735 0.99111
18.2133 0.991133
18.2531 0.991156
18.2929 0.991186
18.3327 0.991209
18.3725 0.991231
18.4123 0.991254
18.4521 0.991284
18.4919 0.991307
18.5316 0.99133
18.5714 0.991352
18.6112 0.991383
18.651 0.991405
18.6908 0.991428
18.7306 0.991451
18.7704 0.991474
18.8102 0.991496
18.85 0.991519
18.8897 0.991549
18.9295 0.991572
18.9693 0.991595
19.0091 0.991618
19.0489 0.99164
19.0887 0.991663
19.1285 0.991686
19.1683 0.991708
19.2081 0.991731
19.2478 0.991754
19.2876 0.991777
19.3274 0.991799
19.3672 0.991822
19.407 0.991845
19.4468 0.991867
19.4866 0.99189
19.5264 0.991913
19.5662 0.991928
19.6059 0.991951
19.6457 0.991973
19.6855 0.991996
19.7253 0.992019
19.7651 0.992042
19.8049 0.992064
19.8447 0.992079
19.8845 0.992102
19.9242 0.992125
19.964 0.992148
20.0038 0.99217
20.0436 0.992185
20.0834 0.992208
20.1232 0.992231
20.163 0.992254
20.2028 0.992269
20.2426 0.992291
20.2823 0.992314
20.3221 0.992329
20.3619 0.992352
20.4017 0.992375
20.4415 0.99239
20.4813 0.992413
20.5211 0.992435
20.5609 0.99245
20.6007 0.992473
20.6404 0.992496
20.6802 0.992511
20.72 0.992534
20.7598 0.992549
20.7996 0.992572
20.8394 0.992587
20.8792 0.992609
20.919 0.992625
20.9588 0.992647
20.9985 0.99267
21.0383 0.992685
21.0781 0.992708
21.1179 0.992723
21.1577 0.992746
21.1975 0.992761
21.2373 0.992776
21.2771 0.992799
21.3169 0.992814
21.3566 0.992837
21.3964 0.992852
21.4362 0.992875
21.476 0.99289
21.5158 0.992905
21.5556 0.992928
21.5954 0.992943
21.6352 0.992965
21.675 0.992981
21.7147 0.992996
21.7545 0.993018
21.7943 0.993034
21.8341 0.993049
21.8739 0.993071
21.9137 0.993087
21.9535 0.993102
21.9933 0.993124
22.0331 0.99314
22.0728 0.993155
22.1126 0.99317
22.1524 0.993193
22.1922 0.993208
22.232 0.993223
22.2718 0.993238
22.3116 0.993261
22.3514 0.993276
22.3912 0.993291
22.4309 0.993306
22.4707 0.993321
22.5105 0.993344
22.5503 0.993359
22.5901 0.993374
22.6299 0.993389
22.6697 0.993405
22.7095 0.99342
22.7492 0.993442
22.789 0.993458
22.8288 0.993473
22.8686 0.993488
22.9084 0.993503
22.9482 0.993518
22.988 0.993533
23.0278 0.993548
23.0676 0.993571
23.1073 0.993586
23.1471 0.993601
23.1869 0.993617
23.2267 0.993632
23.2665 0.993647
23.3063 0.993662
23.3461 0.993677
23.3859 0.993692
23.4257 0.993707
23.4654 0.993723
23.5052 0.993738
23.545 0.993753
23.5848 0.993768
23.6246 0.993783
23.6644 0.993798
23.7042 0.993813
23.744 0.993829
23.7838 0.993844
23.8235 0.993859
23.8633 0.993874
23.9031 0.993889
23.9429 0.993904
23.9827 0.993919
24.0225 0.993935
24.0623 0.993942
24.1021 0.993957
24.1419 0.993972
24.1816 0.993988
24.2214 0.994003
24.2612 0.994018
24.301 0.994033
24.3408 0.994048
24.3806 0.994063
24.4204 0.994071
24.4602 0.994086
24.5 0.994101
24.5397 0.994116
24.5795 0.994131
24.6193 0.994147
24.6591 0.994162
24.6989 0.994169
24.7387 0.994185
24.7785 0.9942
24.8183 0.994215
24.8581 0.99423
24.8978 0.994238
24.9376 0.994253
24.9774 0.994268
25.0172 0.994283
25.057 0.994291
25.0968 0.994306
25.1366 0.994321
25.1764 0.994336
25.2162 0.994344
25.2559 0.994359
25.2957 0.994374
25.3355 0.994389
25.3753 0.994397
25.4151 0.994412
25.4549 0.994427
25.4947 0.994442
25.5345 0.99445
25.5742 0.994465
25.614 0.99448
25.6538 0.994487
25.6936 0.994503
25.7334 0.994518
25.7732 0.994525
25.813 0.99454
25.8528 0.994556
25.8926 0.994563
25.9323 0.994578
25.9721 0.994593
26.0119 0.994601
26.0517 0.994616
26.0915 0.994631
26.1313 0.994639
26.1711 0.994654
26.2109 0.994662
26.2507 0.994677
26.2904 0.994692
26.3302 0.994699
26.37 0.994715
26.4098 0.994722
26.4496 0.994737
26.4894 0.994752
26.5292 0.99476
26.569 0.994775
26.6088 0.994783
26.6485 0.994798
26.6883 0.994813
26.7281 0.994821
26.7679 0.994836
26.8077 0.994843
26.8475 0.994858
26.8873 0.994866
26.9271 0.994881
26.9669 0.994889
27.0066 0.994904
27.0464 0.994911
27.0862 0.994927
27.126 0.994934
27.1658 0.994949
27.2056 0.994957
27.2454 0.994972
27.2852 0.99498
27.325 0.994995
27.3647 0.995002
27.4045 0.995017
27.4443 0.995025
27.4841 0.99504
27.5239 0.995048
27.5637 0.995063
27.6035 0.99507
27.6433 0.995086
27.6831 0.995093
27.7228 0.995108
27.7626 0.995116
27.8024 0.995123
27.8422 0.995139
27.882 0.995146
27.9218 0.995161
27.9616 0.995169
28.0014 0.995184
28.0412 0.995192
28.0809 0.995199
28.1207 0.995214
28.1605 0.995222
28.2003 0.995237
28.2401 0.995245
28.2799 0.995252
28.3197 0.995267
28.3595 0.995275
28.3992 0.995282
28.439 0.995298
28.4788 0.995305
28.5186 0.99532
28.5584 0.995328
28.5982 0.995335
28.638 0.995351
28.6778 0.995358
28.7176 0.995366
28.7573 0.995381
28.7971 0.995388
28.8369 0.995396
28.8767 0.995411
28.9165 0.995419
28.9563 0.995426
28.9961 0.995442
29.0359 0.995449
29.0757 0.995457
29.1154 0.995472
29.1552 0.995479
29.195 0.995487
29.2348 0.995502
29.2746 0.99551
29.3144 0.995517
29.3542 0.995525
29.394 0.99554
29.4338 0.995548
29.4735 0.995555
29.5133 0.99557
29.5531 0.995578
29.5929 0.995585
29.6327 0.995593
29.6725 0.995608
29.7123 0.995616
29.7521 0.995623
29.7919 0.995631
29.8316 0.995646
29.8714 0.995654
29.9112 0.995661
29.951 0.995669
29.9908 0.995684
30.0306 0.995691
30.0704 0.995699
30.1102 0.995707
30.15 0.995722
30.1897 0.995729
30.2295 0.995737
30.2693 0.995744
30.3091 0.995752
30.3489 0.995767
30.3887 0.995775
30.4285 0.995782
30.4683 0.99579
30.5081 0.995797
30.5478 0.995813
30.5876 0.99582
30.6274 0.995828
30.6672 0.995835
30.707 0.995843
30.7468 0.995858
30.7866 0.995866
30.8264 0.995873
30.8662 0.995881
30.9059 0.995888
30.9457 0.995896
30.9855 0.995911
31.0253 0.995919
31.0651 0.995926
31.1049 0.995934
31.1447 0.995941
31.1845 0.995949
31.2243 0.995956
31.264 0.995972
31.3038 0.995979
31.3436 0.995987
31.3834 0.995994
31.4232 0.996002
31.463 0.996009
31.5028 0.996017
31.5426 0.996025
31.5823 0.99604
31.6221 0.996047
31.6619 0.996055
31.7017 0.996062
31.7415 0.99607
31.7813 0.996078
31.8211 0.996085